16 10

0
100
50
24
26
80
0
7
26
23
35
29
0
45
46
50

0
100
0
24
23
24
100
26
26
28
35
23
0
35
46
50

0
100
100
24
21
28
100
21
100
23
35
22
100
35
28
30

100
100
99
24
34
28
0
21
26
33
35
25
100
35
34
35

100
100
30
24
28
28
100
51
26
33
35
25
100
50
34
35

20
100
30
24
28
28
100
51
26
33
35
26
100
50
34
35

25
100
27
24
28
28
100
29
26
33
35
27
100
50
36
30

25
100
25
24
27
28
24
23
26
33
35
27
100
50
22
25

25
100
0
24
27
28
21
23
26
33
100
27
100
50
22
25

25
100
30
24
27
28
21
23
26
33
26
27
100
50
23
26










